n1 : -3.9007735026984514
n2 : -11.514753902011426
n3 : -11.0464487084318
j1 : 4.88698928871942j
j2 : 3.2919719440586475j
Fx : [[-0.21876553 -0.00471726 -0.57580136  0.55591982]]
l  : [-11.5147539 +0.j         -11.04644871+0.j
  -3.9007735 +4.88698929j  -3.9007735 -4.88698929j]
