n1 : -14.740030029330619
n2 : -47.74446049980918
n3 : -4.320177842172917
j1 : 3.042420423772848j
j2 : 4.154138857632881j
